"","zipcode","Apr06","Apr07","Apr08","Apr09","Apr10","Apr11","Apr12"
"1",10001,158,170,178,191,197,201,211
"2",10002,360,405,421,456,492,500,539
"3",10003,210,230,238,253,264,267,279
"4",10004,20,20,20,21,22,22,23
"5",10005,29,32,32,36,36,37,38
"6",10006,7,8,8,8,8,8,10
"7",10007,29,30,30,31,32,32,34
"8",10009,262,298,308,333,348,349,381
"9",10010,121,133,137,150,158,160,166
"10",10011,278,308,316,329,341,342,355
"11",10012,85,86,88,91,96,96,98
"12",10013,124,131,135,140,149,151,161
"13",10014,178,186,189,198,205,207,212
"14",10016,324,344,354,389,412,417,435
"15",10017,65,74,74,80,83,83,90
"16",10018,106,116,120,126,140,148,156
"17",10019,244,264,275,298,310,314,334
"18",10021,282,295,298,325,350,360,386
"19",10022,159,174,182,187,202,206,219
"20",10023,251,269,275,289,312,315,341
"21",10024,283,307,318,339,358,359,380
"22",10025,377,433,466,513,567,582,626
"23",10026,197,220,231,255,274,279,308
"24",10027,267,327,346,389,419,427,476
"25",10028,237,257,264,284,297,302,317
"26",10029,461,544,576,680,749,769,824
"27",10030,164,186,194,232,254,257,277
"28",10031,340,407,433,483,536,542,611
"29",10032,448,508,543,586,629,636,728
"30",10033,391,439,474,521,558,560,626
"31",10034,178,212,231,273,297,300,345
"32",10035,254,301,321,358,393,403,440
"33",10036,160,189,197,207,212,214,232
"34",10037,121,146,157,194,216,223,232
"35",10038,101,114,118,126,135,137,151
"36",10039,155,178,187,214,233,243,266
"37",10040,294,329,353,399,434,437,498
"38",10044,64,68,71,81,82,84,90
"39",10065,171,182,187,197,207,207,216
"40",10069,29,32,32,33,34,34,35
"41",10075,204,226,232,241,252,257,262
"42",10128,281,306,317,352,374,384,396
"43",10280,20,23,23,25,27,27,27
"44",10282,32,36,36,37,41,41,44
"45",10301,278,324,357,457,524,538,593
"46",10302,120,156,169,236,268,275,318
"47",10303,174,229,265,363,412,419,486
"48",10304,419,482,515,634,702,718,788
"49",10305,298,369,410,540,616,636,700
"50",10306,404,479,513,705,788,809,886
"51",10307,109,133,143,186,220,225,246
"52",10308,214,248,270,344,380,390,430
"53",10309,246,298,324,416,500,508,561
"54",10310,161,206,217,294,341,355,383
"55",10312,462,558,593,794,918,934,1008
"56",10314,712,839,902,1173,1356,1402,1569
"57",10451,392,476,498,646,709,730,788
"58",10452,584,698,735,869,973,986,1068
"59",10453,619,734,790,941,1042,1064,1146
"60",10454,294,336,355,455,510,517,550
"61",10455,274,326,349,457,511,523,562
"62",10456,619,741,802,948,1038,1057,1130
"63",10457,533,644,679,820,890,907,969
"64",10458,541,631,676,807,888,902,968
"65",10459,363,440,482,604,677,693,746
"66",10460,397,467,500,649,711,725,771
"67",10461,536,653,687,837,951,965,1018
"68",10462,632,765,807,987,1114,1133,1201
"69",10463,402,486,536,681,769,815,885
"70",10464,35,43,46,63,71,71,75
"71",10465,461,552,586,703,804,816,865
"72",10466,588,737,792,970,1115,1147,1259
"73",10467,941,1142,1209,1442,1626,1653,1769
"74",10468,625,765,810,995,1096,1126,1224
"75",10469,795,925,988,1208,1381,1417,1514
"76",10470,121,156,167,205,233,238,258
"77",10471,149,183,201,245,278,283,302
"78",10472,469,582,620,760,836,854,918
"79",10473,518,638,693,858,963,986,1053
"80",10474,83,97,106,138,158,159,170
"81",10475,424,520,561,707,813,838,912
"82",11429,322,381,402,432,482,496,536
"83",11004,200,239,250,278,300,310,324
"84",11101,232,258,265,298,315,322,344
"85",11102,186,214,235,256,272,279,306
"86",11103,168,190,212,243,264,273,296
"87",11104,160,178,186,219,243,252,264
"88",11105,166,186,194,226,248,254,279
"89",11106,206,234,248,293,312,319,342
"90",11109,25,29,30,30,35,35,37
"91",11201,259,285,293,321,344,353,373
"92",11203,553,642,676,792,881,910,1001
"93",11204,789,908,930,994,1034,1043,1110
"94",11205,270,317,330,347,360,363,392
"95",11206,477,536,556,648,703,718,757
"96",11207,554,658,684,763,836,856,928
"97",11208,608,713,753,841,932,953,1029
"98",11209,348,419,440,497,530,538,587
"99",11210,583,663,699,776,821,838,898
"100",11211,859,948,974,1066,1128,1138,1202
"101",11212,469,584,613,698,764,780,842
"102",11213,554,615,633,682,726,737,793
"103",11214,403,493,523,616,678,693,760
"104",11215,239,265,276,307,319,321,350
"105",11216,240,278,285,318,341,347,376
"106",11217,196,228,239,258,279,281,316
"107",11218,574,703,774,856,893,904,976
"108",11219,1136,1314,1417,1513,1562,1564,1679
"109",11220,455,556,585,656,695,718,784
"110",11221,384,462,477,538,586,593,641
"111",11222,148,177,181,205,220,225,255
"112",11223,529,618,651,752,809,827,885
"113",11224,235,296,314,387,434,443,485
"114",11225,394,450,469,541,573,588,632
"115",11226,553,639,670,784,859,898,995
"116",11228,179,229,250,294,316,322,356
"117",11229,470,565,603,674,714,721,791
"118",11230,946,1054,1089,1167,1221,1233,1301
"119",11231,169,191,197,217,223,227,241
"120",11232,169,193,203,222,243,248,267
"121",11233,356,412,428,481,534,539,591
"122",11234,624,759,807,944,1029,1044,1149
"123",11235,487,588,630,757,824,843,911
"124",11236,728,871,938,1069,1157,1184,1313
"125",11237,274,320,334,375,411,421,451
"126",11238,283,339,350,381,407,412,448
"127",11239,157,172,179,199,221,230,250
"128",11357,260,323,336,373,400,408,441
"129",11355,365,412,426,475,527,538,587
"130",11354,257,297,324,366,412,422,461
"131",11356,177,205,209,231,255,257,285
"132",11358,172,205,211,246,259,265,289
"133",11360,97,118,123,138,147,153,173
"134",11361,145,178,185,207,224,229,253
"135",11362,91,124,127,141,148,158,167
"136",11363,42,52,55,63,65,65,68
"137",11364,164,196,200,220,237,242,259
"138",11365,268,313,326,358,401,411,440
"139",11366,176,196,199,216,233,236,244
"140",11367,447,485,498,541,566,574,591
"141",11368,1446,1659,1728,2132,2248,2287,2398
"142",11369,547,608,632,746,813,839,883
"143",11370,573,633,654,731,797,811,833
"144",11372,806,916,957,1232,1322,1355,1428
"145",11373,983,1142,1190,1602,1737,1779,1859
"146",11374,479,523,546,581,625,636,673
"147",11375,653,744,777,825,859,872,937
"148",11377,620,736,772,962,1052,1072,1152
"149",11378,232,263,274,318,347,358,397
"150",11379,276,317,326,366,394,403,434
"151",11385,668,767,804,885,963,977,1066
"152",11411,271,309,317,341,371,387,408
"153",11412,423,496,512,577,631,645,693
"154",11413,460,528,549,622,674,691,752
"155",11414,252,341,354,392,421,434,453
"156",11415,205,231,239,251,276,284,306
"157",11416,204,233,238,267,286,302,317
"158",11417,254,315,323,370,383,393,421
"159",11418,329,386,405,443,482,493,532
"160",11419,318,386,398,443,483,495,542
"161",11420,398,473,506,555,603,623,675
"162",11421,323,397,418,481,537,555,602
"163",11422,359,417,432,467,506,517,552
"164",11423,273,336,356,412,442,453,486
"165",11426,163,214,225,243,263,270,292
"166",11427,272,323,334,367,395,407,440
"167",11428,193,241,252,280,310,320,349
"168",11434,635,752,785,895,968,997,1060
"169",11432,502,590,601,710,773,787,843
"170",11433,262,308,323,394,423,432,477
"171",11435,485,550,567,649,707,726,796
"172",11436,160,186,194,217,240,245,269
"173",11691,713,822,861,941,993,1019,1111
"174",11692,182,214,226,246,267,277,297
"175",11693,131,147,154,167,184,185,197
"176",11694,226,267,277,302,330,342,360
"177",11697,34,44,44,52,61,63,63
